latitude: 49.771295
longitude: 4.724286
